0,310
0,305
0,308
0,307
0,302
0,304
0,303
0,12
0,432
0,10
0,8
0,0
0,416
0,454
0,300
0,464
0,413
0,299
0,383
0,498
0,298
0,455
0,412
0,297
0,476
0,411
0,296
0,574
0,410
0,295
0,428
0,497
0,294
0,474
0,409
0,293
0,528
0,414
0,292
0,496
0,406
0,291
0,458
0,405
0,290
0,527
0,361
0,289
0,568
0,492
0,288
0,360
0,404
0,287
0,422
0,403
0,286
0,435
0,402
0,285
0,524
0,562
0,284
0,523
0,434
0,283
0,491
0,451
0,282
0,541
0,345
0,281
0,397
0,319
0,280
0,499
0,394
0,279
0,393
0,555
0,278
0,391
0,560
0,277
0,543
0,388
0,276
0,480
0,490
0,275
0,452
0,387
0,274
0,567
0,386
0,273
0,456
0,385
0,272
0,519
0,472
0,271
0,376
0,384
0,270
0,487
0,478
0,269
0,540
0,400
0,268
0,554
0,381
0,267
0,463
0,486
0,266
0,475
0,485
0,265
0,488
0,380
0,264
0,334
0,379
0,263
0,495
0,378
0,262
0,489
0,484
0,261
0,399
0,377
0,260
0,513
0,423
0,259
0,512
0,433
0,258
0,431
0,374
0,257
0,511
0,504
0,256
0,566
0,350
0,255
0,369
0,373
0,254
0,398
0,372
0,253
0,571
0,371
0,252
0,546
0,389
0,251
0,395
0,370
0,250
0,539
0,552
0,249
0,545
0,468
0,248
0,532
0,367
0,247
0,559
0,330
0,246
0,538
0,415
0,245
0,575
0,366
0,244
0,368
0,365
0,242
0,364
0,241
0,514
0,363
0,240
0,436
0,534
0,450
0,465
0,470
1078,5
0,526
1,0
1,3
0,550
0,565
2,13
2,14
3,1
3,3
1078,4
1079,0
1079,2
1079,4
1084,0
1084,3
1084,4
1085,1
1085,3
1087,0
1087,3
1087,4
1089,1
1089,3
1092,0
1092,3
1092,4
1094,1
1094,3
1097,0
1097,2
1097,3
1097,5
1097,6
1097,8
1097,9
1098,1
1100,0
1100,1
1100,4
1102,0
1102,3
1106,0
1106,1
1106,4
1106,5
1106,7
1111,0
1111,3
1113,1
1113,3
1114,0
1114,1
1115,0
1115,3
1116,0
1116,3
1117,0
1117,3
1122,0
1122,3
1125,0
1125,1
1125,4
1127,0
1127,3
1128,0
1128,1
1133,0
1133,1
1133,3
1133,5
1133,6
1135,0
1135,1
1140,0
1140,1
1140,3
1140,5
1142,0
1142,3
1144,0
1144,2
1144,4
1144,5
1145,0
1145,1
1145,3
1145,4
1145,6
1145,7
1145,5
1145,2
1144,6
1144,3
1144,1
1142,1
1140,4
1140,2
1135,3
1133,7
1133,4
1133,2
1128,3
1127,4
1127,1
1125,3
1122,4
1122,1
1117,1
1116,1
1115,1
1114,3
1113,4
1113,0
1111,1
1106,6
1106,3
1102,4
1102,1
1100,3
1098,3
1098,0
1097,7
1097,4
1097,1
1094,4
1094,0
1092,1
1089,4
1089,0
1087,1
1085,4
1085,0
1084,1
1079,3
1079,1
1078,2
3,0
0,570
1,1
0,548
0,494
1078,1
1078,3
0,447
1078,0
2,1
0,408
2,15
0,351
0,322
2,3
0,243
2,0
0,9
0,558
0,461
0,239
0,390
0,362
0,238
0,564
0,473
0,237
0,537
0,462
0,236
0,553
0,359
0,235
0,510
0,544
0,234
0,509
0,382
0,233
0,430
0,358
0,232
0,547
0,357
0,231
0,542
0,356
0,230
0,344
0,355
0,229
0,392
0,354
0,228
0,469
0,353
0,227
0,508
0,226
0,352
0,225
0,536
0,445
0,224
0,507
0,441
0,223
0,483
0,349
0,222
0,557
0,482
0,221
0,506
0,420
0,220
0,529
0,348
0,219
0,493
0,347
0,218
0,500
0,346
0,217
0,505
0,216
0,535
0,418
0,215
0,533
0,343
0,214
0,563
0,342
0,213
0,521
0,341
0,212
0,530
0,340
0,211
0,421
0,339
0,210
0,569
0,338
0,209
0,449
0,337
0,208
0,333
0,336
0,207
0,446
0,551
0,206
0,453
0,335
0,205
0,443
0,444
0,204
0,442
0,479
0,203
0,515
0,332
0,202
0,396
0,439
0,201
0,460
0,503
0,200
0,525
0,331
0,199
0,438
0,477
0,198
0,437
0,573
0,197
0,466
0,328
0,196
0,502
0,375
0,195
0,556
0,561
0,194
0,459
0,327
0,193
0,401
0,326
0,192
0,522
0,325
0,63
0,329
0,324
0,62
0,549
0,323
0,61
0,440
0,321
0,60
0,457
0,427
0,59
0,520
0,320
0,58
0,426
0,471
0,57
0,425
0,429
0,56
0,467
0,317
0,55
0,448
0,501
0,54
0,481
0,424
0,53
0,516
0,316
0,52
0,419
0,315
0,51
0,407
0,314
0,50
0,517
0,313
0,49
0,417
0,312
0,48
0,572
0,311
0,47
0,531
0,309
0,46
0,518
0,306
0,45
0,318
0,301
0,6
0,5
0,1
0,11
0,4
0,2
0,3
0,7
